95
9628 221919 9
1396 974496 5
8892 186601 5
3286 977701 4
1813 539974 3
2228 961000 6
5649 246089 1
3568 887100 8
4766 385349 3
0 132 1
1405 52064 3
9523 81976 5
0 100 2
9151 163110 6
0 1000000000000000000 1
21345 4441283 13
8621 305784 1
2965 769993 4
9705 834597 8
3901 458931 4
7977 626769 9
9385 146808 1
7597 115191 5
3748 207521 4
3376 156586 6
2433 588437 7
2035 587687 6
5579 763362 2
5541 34105 7
852 514597 2
8129 512819 4
999 99999 78788
34432 9999920 222
6916 519450 6
573 319349 5
6673 645665 9
8145 485026 9
2519 171840 3
7075 952308 3
6153 882984 8
2590 45700 5
490 499674 1
8483 164651 3
5230 55195 9
400 793131 4
8989 909410 5
9390 517315 4
2739 884729 5
2789 205886 5
1616 875376 6
3976 759716 7
9352 507517 9
4945 279540 7
8135 346033 4
886 56750 8
8764 690922 4
1056 45030 4
1033 109791 2
9929 160753 4
10 22322 2
6311 744038 5
3491 376189 1
22322 22322 1
1002 914907 8
9481 668314 4
1516 476245 5
1209 371972 7
1363 123520 8
6760 325542 7
39 1000000 3
2871 611476 1
4153 196591 1
121 121 11
121 131 1
4401 792858 5
873 84000 1
3263 62970 1
0 1000000000000000000 1000000000
7998 968182 1
2791 674701 5
646 753992 3
4131 988357 1
5759 165757 6
5630 555906 6
8324 696474 7
1551 635917 7
5272 393026 2
9286 976503 2
121 132 1
2675 641763 3
100000 1000000000000000000 3
7243 39232 6
332 539995 7
1000000000 1000000000000000000 1
1925 194236 4
